255678563263
255714614455
255770132134
255676141110
255671922653
255670393574
255717287594
255771500054
255672513872
255775068238
255778882735
255677658871
255673778126
255677615881
255679474994
255678766487
255770175528
255679724911
255776225507
255719381913
255717650285
255770178399
255671361385
255670233407
255658195360
255711854437
255777885571
255671469676
255771903533
255679771519
255659269573
255670376374
255673179740
255676214515
255719996470
255672344180
255672510458
255671500072
255778422707
255714417963
255711379929
255671324318
255771505918
255670836051
255779806357
255715382135
255671765632
255770454810
255670219411
255771990255
255778286789
255670172708
255779898419
255770982192
255770169245
255675357476
255771778369
255772622173
255676033675
255711086553
255670237049
255771871636
255771733681
255673989446
255773641694
255672172385
255675892780
255715426655
255659369401
255711148765
255670714713
255671575395
255770632769
255771233058
255779673700
255772669564
255658492904
255713142298
255719774163
255678872050
255678527988
255772011648
255774556184
255670244593
255771831703
255675011551
255773870307
255676030487
255716159821
255672048528
255658771681
255771850018
255711850107
255773980365
255675111237
255710662839
255711682166
255772182503
255672301474
255773257630
255673236530
255670912207
255658700339
255671826941
255677717370
255670066634
255715901376
255671195761
255770879150
255676270532
255719106788
255770129765
255671808290
255719330882
255714663757
255673414992
255671798328
255770782464
255774506100
255715851810